[gd_scene load_steps=9 format=3 uid="uid://4w7by46gsamp"]

[ext_resource type="Script" path="res://script/Planet.gd" id="1_ivc8j"]
[ext_resource type="Script" path="res://script/ShapeSettings.gd" id="2_t3ai2"]
[ext_resource type="Script" path="res://script/ColourSettings.gd" id="3_oyphc"]

[sub_resource type="GDScript" id="GDScript_0twwk"]
script/source = "extends Resource

class_name NoiseSettings  # Use class_name for exporting the class

# Properties for noise settings
@export var strength: float = 1.0
@export var num_layers: int = 1 
@export var base_roughness: float = 1.0
@export var roughness: float = 2.0
@export var persistence: float = 0.5
@export var centre: Vector3
@export var min_value: float = 0.0

# Method to set a limit on the number of layers in the inspector
func set_num_layers(value: int) -> void:
	num_layers = clamp(value, 1, 8)  # Ensure it stays between 1 and 8
"

[sub_resource type="Resource" id="Resource_1bnwe"]
script = SubResource("GDScript_0twwk")
strength = null
num_layers = null
base_roughness = null
roughness = null
persistence = null
centre = null
min_value = null

[sub_resource type="Resource" id="Resource_vdgfh"]
script = ExtResource("2_t3ai2")
planet_radius = 1.645
height_scale = null
noise_layers = [SubResource("Resource_1bnwe")]

[sub_resource type="Resource" id="Resource_ta3ht"]
script = ExtResource("3_oyphc")
planet_color = Color(0, 0.164706, 0.945098, 1)

[sub_resource type="Environment" id="Environment_7057h"]

[node name="Szene1" type="Node3D"]

[node name="Node3D" type="Node3D" parent="."]
transform = Transform3D(1, 0, 0, 0, 0.964764, 0.263115, 0, -0.263115, 0.964764, 0, 0, 0)
script = ExtResource("1_ivc8j")
resolution = 123
auto_update = false
shape_settings = SubResource("Resource_vdgfh")
colour_settings = SubResource("Resource_ta3ht")

[node name="Camera3D" type="Camera3D" parent="Node3D"]
transform = Transform3D(1, 0, 0, 0, 0.902646, -0.430385, 0, 0.430385, 0.902646, 0.147142, -1.47973, 6.21799)
fov = 56.25

[node name="WorldEnvironment" type="WorldEnvironment" parent="Node3D"]
environment = SubResource("Environment_7057h")

[node name="DirectionalLight3D" type="DirectionalLight3D" parent="Node3D"]
transform = Transform3D(0.816932, -0.0215866, -0.576328, 0.151747, -0.956044, 0.250907, -0.556412, -0.292431, -0.777748, 0, 0, 0)
light_bake_mode = 0
