[gd_scene load_steps=17 format=3 uid="uid://7im5py6qv337"]

[ext_resource type="PackedScene" uid="uid://brh07riyg1qv0" path="res://FirstPersonController/Player.tscn" id="1_jw81i"]
[ext_resource type="PackedScene" uid="uid://bcvei67tq1050" path="res://Boat/InteractiveScenes/tyre_with_attachment.tscn" id="3_jbh78"]
[ext_resource type="PackedScene" uid="uid://bmacr6agbv47a" path="res://Boat/Boat/Boat.tscn" id="3_xpweb"]

[sub_resource type="PlaneMesh" id="PlaneMesh_o26vn"]
size = Vector2(20, 20)

[sub_resource type="StandardMaterial3D" id="StandardMaterial3D_1rgc4"]
albedo_color = Color(0.580392, 0.580392, 0.580392, 1)

[sub_resource type="ConcavePolygonShape3D" id="ConcavePolygonShape3D_gmc2q"]
data = PackedVector3Array(10, 0, 10, -10, 0, 10, 10, 0, -10, -10, 0, 10, -10, 0, -10, 10, 0, -10)

[sub_resource type="BoxMesh" id="BoxMesh_q8slv"]

[sub_resource type="StandardMaterial3D" id="StandardMaterial3D_vigoe"]
albedo_color = Color(1, 0.556863, 1, 1)

[sub_resource type="ConcavePolygonShape3D" id="ConcavePolygonShape3D_catsn"]
data = PackedVector3Array(-0.5, 0.5, 0.5, 0.5, 0.5, 0.5, -0.5, -0.5, 0.5, 0.5, 0.5, 0.5, 0.5, -0.5, 0.5, -0.5, -0.5, 0.5, 0.5, 0.5, -0.5, -0.5, 0.5, -0.5, 0.5, -0.5, -0.5, -0.5, 0.5, -0.5, -0.5, -0.5, -0.5, 0.5, -0.5, -0.5, 0.5, 0.5, 0.5, 0.5, 0.5, -0.5, 0.5, -0.5, 0.5, 0.5, 0.5, -0.5, 0.5, -0.5, -0.5, 0.5, -0.5, 0.5, -0.5, 0.5, -0.5, -0.5, 0.5, 0.5, -0.5, -0.5, -0.5, -0.5, 0.5, 0.5, -0.5, -0.5, 0.5, -0.5, -0.5, -0.5, 0.5, 0.5, 0.5, -0.5, 0.5, 0.5, 0.5, 0.5, -0.5, -0.5, 0.5, 0.5, -0.5, 0.5, -0.5, 0.5, 0.5, -0.5, -0.5, -0.5, 0.5, 0.5, -0.5, 0.5, -0.5, -0.5, -0.5, 0.5, -0.5, 0.5, 0.5, -0.5, -0.5, -0.5, -0.5, -0.5)

[sub_resource type="PlaneMesh" id="PlaneMesh_6qdpq"]
size = Vector2(8.41, 2)

[sub_resource type="StandardMaterial3D" id="StandardMaterial3D_s3oar"]
albedo_color = Color(0.576471, 0.956863, 0.929412, 1)
metallic = 0.79
metallic_specular = 0.78

[sub_resource type="ConcavePolygonShape3D" id="ConcavePolygonShape3D_22cd7"]
data = PackedVector3Array(4.205, 0, 1, -4.205, 0, 1, 4.205, 0, -1, -4.205, 0, 1, -4.205, 0, -1, 4.205, 0, -1)

[sub_resource type="PhysicalSkyMaterial" id="PhysicalSkyMaterial_7vof1"]
rayleigh_coefficient = 4.4
rayleigh_color = Color(0.235294, 0.458824, 0.372549, 1)
mie_coefficient = 0.17
sun_disk_scale = 170.66
ground_color = Color(0.713726, 0.192157, 0.172549, 1)

[sub_resource type="Sky" id="Sky_8wyin"]
sky_material = SubResource("PhysicalSkyMaterial_7vof1")

[sub_resource type="Environment" id="Environment_qflmm"]
background_mode = 2
sky = SubResource("Sky_8wyin")

[sub_resource type="CameraAttributesPhysical" id="CameraAttributesPhysical_rupye"]

[node name="TestScene" type="Node3D"]

[node name="Floor" type="MeshInstance3D" parent="."]
mesh = SubResource("PlaneMesh_o26vn")
surface_material_override/0 = SubResource("StandardMaterial3D_1rgc4")

[node name="StaticBody3D" type="StaticBody3D" parent="Floor"]

[node name="CollisionShape3D" type="CollisionShape3D" parent="Floor/StaticBody3D"]
shape = SubResource("ConcavePolygonShape3D_gmc2q")

[node name="TestingObjects" type="Node3D" parent="."]

[node name="MeshInstance3D9" type="MeshInstance3D" parent="TestingObjects"]
transform = Transform3D(1, 0, 0, 0, 1, 0, 0, 0, 1, 0, 0.589456, -5.59318)
mesh = SubResource("BoxMesh_q8slv")
surface_material_override/0 = SubResource("StandardMaterial3D_vigoe")

[node name="StaticBody3D" type="StaticBody3D" parent="TestingObjects/MeshInstance3D9"]

[node name="CollisionShape3D" type="CollisionShape3D" parent="TestingObjects/MeshInstance3D9/StaticBody3D"]
shape = SubResource("ConcavePolygonShape3D_catsn")

[node name="MeshInstance3D" type="MeshInstance3D" parent="TestingObjects"]
transform = Transform3D(1, 0, 0, 0, 1, 0, 0, 0, 1, 0, 0.499233, -3.53744)
mesh = SubResource("BoxMesh_q8slv")
skeleton = NodePath("../..")
surface_material_override/0 = SubResource("StandardMaterial3D_vigoe")

[node name="StaticBody3D" type="StaticBody3D" parent="TestingObjects/MeshInstance3D"]

[node name="CollisionShape3D" type="CollisionShape3D" parent="TestingObjects/MeshInstance3D/StaticBody3D"]
shape = SubResource("ConcavePolygonShape3D_catsn")

[node name="MeshInstance3D2" type="MeshInstance3D" parent="TestingObjects"]
transform = Transform3D(0.238076, 0, 0.971247, 0, 1, 0, -0.971247, 0, 0.238076, -5.14336, 0.499233, -3.53744)
mesh = SubResource("BoxMesh_q8slv")
skeleton = NodePath("../..")
surface_material_override/0 = SubResource("StandardMaterial3D_vigoe")

[node name="StaticBody3D" type="StaticBody3D" parent="TestingObjects/MeshInstance3D2"]

[node name="CollisionShape3D" type="CollisionShape3D" parent="TestingObjects/MeshInstance3D2/StaticBody3D"]
shape = SubResource("ConcavePolygonShape3D_catsn")

[node name="MeshInstance3D" type="MeshInstance3D" parent="TestingObjects/MeshInstance3D2"]
transform = Transform3D(0.0521866, -0.674309, 0.736603, -0.943136, -0.275755, -0.185616, 0.328285, -0.68503, -0.650356, -6.41733, 0.034981, 6.90329)
mesh = SubResource("BoxMesh_q8slv")
surface_material_override/0 = SubResource("StandardMaterial3D_vigoe")

[node name="StaticBody3D" type="StaticBody3D" parent="TestingObjects/MeshInstance3D2/MeshInstance3D"]

[node name="CollisionShape3D" type="CollisionShape3D" parent="TestingObjects/MeshInstance3D2/MeshInstance3D/StaticBody3D"]
shape = SubResource("ConcavePolygonShape3D_catsn")

[node name="MeshInstance3D3" type="MeshInstance3D" parent="TestingObjects"]
transform = Transform3D(1, 0, 0, 0, 1, 0, 0, 0, 1, 3.25179, 0.499233, 0.986781)
mesh = SubResource("BoxMesh_q8slv")
skeleton = NodePath("../..")
surface_material_override/0 = SubResource("StandardMaterial3D_vigoe")

[node name="StaticBody3D" type="StaticBody3D" parent="TestingObjects/MeshInstance3D3"]

[node name="CollisionShape3D" type="CollisionShape3D" parent="TestingObjects/MeshInstance3D3/StaticBody3D"]
shape = SubResource("ConcavePolygonShape3D_catsn")

[node name="MeshInstance3D4" type="MeshInstance3D" parent="TestingObjects"]
transform = Transform3D(-0.583329, 0, 0.812236, 0.710638, 0.484275, 0.510363, -0.393346, 0.874916, -0.282492, 4.63706, 0.499233, -6.94465)
mesh = SubResource("BoxMesh_q8slv")
skeleton = NodePath("../..")
surface_material_override/0 = SubResource("StandardMaterial3D_vigoe")

[node name="StaticBody3D" type="StaticBody3D" parent="TestingObjects/MeshInstance3D4"]

[node name="CollisionShape3D" type="CollisionShape3D" parent="TestingObjects/MeshInstance3D4/StaticBody3D"]
shape = SubResource("ConcavePolygonShape3D_catsn")

[node name="MeshInstance3D6" type="MeshInstance3D" parent="TestingObjects"]
transform = Transform3D(1, 0, 0, 0, 0.484657, -0.874704, 0, 0.874704, 0.484657, 5.91985, 0.499233, 2.96803)
mesh = SubResource("BoxMesh_q8slv")
skeleton = NodePath("../..")
surface_material_override/0 = SubResource("StandardMaterial3D_vigoe")

[node name="StaticBody3D" type="StaticBody3D" parent="TestingObjects/MeshInstance3D6"]

[node name="CollisionShape3D" type="CollisionShape3D" parent="TestingObjects/MeshInstance3D6/StaticBody3D"]
shape = SubResource("ConcavePolygonShape3D_catsn")

[node name="MeshInstance3D5" type="MeshInstance3D" parent="TestingObjects"]
transform = Transform3D(0.019878, 0, -0.999802, 0.385089, 0.922848, 0.00765633, 0.922665, -0.385165, 0.0183444, -5.92585, 1.57366, 6.47834)
mesh = SubResource("PlaneMesh_6qdpq")
skeleton = NodePath("../..")
surface_material_override/0 = SubResource("StandardMaterial3D_s3oar")

[node name="StaticBody3D" type="StaticBody3D" parent="TestingObjects/MeshInstance3D5"]

[node name="CollisionShape3D" type="CollisionShape3D" parent="TestingObjects/MeshInstance3D5/StaticBody3D"]
shape = SubResource("ConcavePolygonShape3D_22cd7")

[node name="MeshInstance3D7" type="MeshInstance3D" parent="TestingObjects"]
transform = Transform3D(0.019878, 0, -0.999802, 0.166856, 0.985976, 0.00331743, 0.985781, -0.166889, 0.0195993, -1.73508, 0.699089, 6.47834)
mesh = SubResource("PlaneMesh_6qdpq")
skeleton = NodePath("../..")
surface_material_override/0 = SubResource("StandardMaterial3D_s3oar")

[node name="StaticBody3D" type="StaticBody3D" parent="TestingObjects/MeshInstance3D7"]

[node name="CollisionShape3D" type="CollisionShape3D" parent="TestingObjects/MeshInstance3D7/StaticBody3D"]
shape = SubResource("ConcavePolygonShape3D_22cd7")

[node name="MeshInstance3D8" type="MeshInstance3D" parent="TestingObjects"]
transform = Transform3D(0.019878, 1.91677e-09, -0.999802, 0.80643, 0.591113, 0.0160334, 0.590996, -0.806589, 0.0117502, 3.90553, 3.19651, 7.41018)
mesh = SubResource("PlaneMesh_6qdpq")
skeleton = NodePath("../..")
surface_material_override/0 = SubResource("StandardMaterial3D_s3oar")

[node name="StaticBody3D" type="StaticBody3D" parent="TestingObjects/MeshInstance3D8"]

[node name="CollisionShape3D" type="CollisionShape3D" parent="TestingObjects/MeshInstance3D8/StaticBody3D"]
shape = SubResource("ConcavePolygonShape3D_22cd7")

[node name="WorldEnvironment" type="WorldEnvironment" parent="."]
environment = SubResource("Environment_qflmm")
camera_attributes = SubResource("CameraAttributesPhysical_rupye")

[node name="DirectionalLight3D" type="DirectionalLight3D" parent="."]
transform = Transform3D(-0.345495, -0.93833, 0.0130532, 0, 0.0139098, 0.999903, -0.938421, 0.345461, -0.00480576, 523.629, 8.89441, -269.865)

[node name="TyreWithAttachment" parent="." instance=ExtResource("3_jbh78")]
transform = Transform3D(1, 0, 0, 0, 1, 0, 0, 0, 1, 0, 6, 0)

[node name="Player" parent="." instance=ExtResource("1_jw81i")]
transform = Transform3D(1, 0, 0, 0, 1, 0, 0, 0, 1, 0, 6.75084, -12.2975)

[node name="Boat" parent="." instance=ExtResource("3_xpweb")]
transform = Transform3D(1, 0, 0, 0, 1, 0, 0, 0, 1, 0, 2.95921, -12.5285)
